%YAML:1.0
---
default_detector: !!opencv-object-detector-hog
   winSize: [ 64, 128 ]
   blockSize: [ 16, 16 ]
   blockStride: [ 8, 8 ]
   cellSize: [ 8, 8 ]
   nbins: 9
   derivAperture: 1
   winSigma: 4.
   histogramNormType: 0
   L2HysThreshold: 2.0000000000000001e-01
   gammaCorrection: 1
   nlevels: 64
   signedGradient: 0
   SVMDetector: [ 1.26087740e-02, -1.49854450e-02, -2.03071889e-02,
       1.89642385e-02, 4.03214358e-02, 1.75671012e-03, -6.12709485e-03,
       -3.12863775e-02, 1.97300520e-02, 4.19597365e-02, -1.03758937e-02,
       -2.51017064e-02, -8.50571843e-04, 1.90850422e-02, 1.18510770e-02,
       -1.28919091e-02, -1.01121068e-02, 2.75575165e-02, 1.22065274e-02,
       -1.48660745e-02, -6.91932859e-03, 4.32967991e-02, 9.23669897e-03,
       1.61085557e-02, -1.99162103e-02, -6.18477426e-02, -7.59261521e-03,
       1.71452649e-02, -8.89996253e-03, -1.12570273e-02, 4.03089933e-02,
       -3.46211269e-02, 7.07139727e-03, -3.10484711e-02, -3.29379849e-02,
       -1.57690942e-02, 1.78293046e-02, -2.69944929e-02, -5.61110070e-03,
       1.82575511e-03, 4.05481905e-02, -5.57037676e-03, -2.82180868e-02,
       1.49506028e-03, 2.72592232e-02, 1.72210112e-02, -2.03052144e-02,
       2.40053628e-02, 4.27340604e-02, 1.04869008e-02, 1.88152436e-02,
       -1.07291332e-02, 1.37385016e-03, 8.17294698e-03, 7.19439890e-03,
       2.15871772e-03, -1.19555800e-03, 1.82604848e-03, 1.56518037e-03,
       -1.64594017e-02, -3.22469026e-02, -3.13117082e-04,
       -9.46509279e-03, 1.48940990e-02, -2.67808605e-03, 6.52126444e-04,
       1.72343291e-02, -1.05980886e-02, 2.76163928e-02, 3.30932176e-04,
       -6.33554207e-03, -2.39608786e-03, 2.03745067e-02, 1.03623541e-02,
       1.41203571e-02, 1.27272625e-02, 4.96972026e-03, 3.54873911e-02,
       -9.53088747e-04, -7.37044821e-03, -5.53355552e-03, 3.35762389e-02,
       1.41355144e-02, -1.31216738e-02, 3.67557956e-03, 2.14270949e-02,
       1.06219873e-02, -4.27001063e-03, 1.76899843e-02, 2.93270815e-02,
       2.09794603e-02, 1.33070571e-03, -4.70747240e-03, 6.65482040e-03,
       -3.61544378e-02, 4.98172753e-02, -2.40066656e-04, 2.07830244e-03,
       1.33997789e-02, 1.46541465e-02, 1.73717388e-03, -3.21695022e-02,
       -1.18016461e-02, -3.13178333e-03, 6.53903466e-03, 1.02385730e-02,
       2.83726770e-02, 8.57081823e-03, 1.74294952e-02, 2.44692266e-02,
       -1.19072394e-02, 1.07081858e-02, 2.73574013e-02, -8.44956841e-03,
       -1.87861943e-03, -4.47265804e-03, 3.75547004e-03, -9.99325048e-03,
       1.58205200e-02, -1.64333023e-02, -2.36773603e-02, 3.95562267e-03,
       -8.67263507e-03, -5.18188719e-03, -2.26028566e-03,
       -2.56324075e-02, 3.78748961e-03, 2.93779336e-02, -5.51953213e-03,
       3.65669243e-02, 1.01604043e-02, -6.15741313e-03, -1.84696727e-03,
       2.53584515e-02, -2.27313899e-02, -8.94112047e-03, 3.82363610e-03,
       -2.00414026e-04, -4.36556851e-03, -1.93703733e-02,
       -1.48193240e-02, -6.14481792e-03, 6.56521320e-03, -2.41095796e-02,
       -1.35618849e-02, 2.93766242e-02, -1.18070850e-02, -1.45631405e-02,
       -4.04443359e-03, -1.48630524e-02, -1.46077778e-02, 3.09719685e-02,
       -9.34240408e-03, -2.19641663e-02, 1.68795884e-02, -3.42573598e-02,
       -2.78593414e-02, 2.26915330e-02, -3.73953767e-02, -2.25345790e-02,
       2.81591602e-02, -6.34281477e-03, 6.02293666e-03, 3.15389223e-02,
       7.17535708e-03, 5.01584681e-03, -1.56582724e-02, 1.82065088e-02,
       2.53510829e-02, 3.95391993e-02, -2.51622801e-03, -3.72069031e-02,
       1.90592334e-02, -2.44523194e-02, -1.24099404e-02, 1.06370291e-02,
       -1.75119098e-02, 2.50820499e-02, 2.33979467e-02, -1.56666655e-02,
       -1.96925588e-02, -1.15098050e-02, -5.55473678e-02, 1.25626335e-02,
       5.50074689e-02, 6.33716816e-04, -7.25761661e-03, 3.70130017e-02,
       -8.34380742e-03, -1.60054807e-02, -2.34368462e-02,
       -4.12646122e-02, 1.18356925e-02, 3.23487557e-02, -3.54768112e-02,
       -2.15485785e-02, 2.14060582e-02, -1.18132690e-02, 9.97171458e-03,
       1.76331960e-02, -2.75737457e-02, 3.21369618e-02, 2.25258172e-02,
       1.54420976e-02, 1.82765420e-03, 3.74666080e-02, -2.47919876e-02,
       -9.84965079e-03, 8.30295868e-03, -9.33938939e-03, 6.24448480e-03,
       -6.23023417e-03, -2.28191949e-02, -1.53502626e-02, 2.57963641e-03,
       -3.63521725e-02, 5.98228443e-03, -8.18148896e-04, -2.57061347e-02,
       2.43792571e-02, 4.31535579e-02, 6.86360383e-03, -1.73390526e-02,
       1.98255163e-02, 2.32430380e-02, -4.08950029e-03, -1.24273757e-02,
       -6.98271021e-02, -2.76635885e-02, 2.69660428e-02, -3.60529241e-03,
       -3.52347605e-02, 1.80336349e-02, 1.80114072e-03, 2.85139098e-03,
       1.23818098e-02, 1.09286709e-02, 4.54453155e-02, 2.51543690e-02,
       9.18590557e-03, -1.62359066e-02, 5.38424961e-03, 3.05095175e-03,
       -1.87631939e-02, -3.15330760e-03, -9.74642206e-03,
       -1.98053811e-02, 9.62164812e-03, 1.17860641e-02, -2.90920082e-02,
       6.92002475e-03, -1.72451381e-02, 2.03573685e-02, 1.48848519e-02,
       -3.04437708e-02, 1.96206686e-03, 1.57928765e-02, 8.52463394e-03,
       -3.83444019e-02, 1.70492046e-02, -1.07403165e-02, -2.39106454e-02,
       -2.10810341e-02, -2.74936687e-02, -3.24066095e-02,
       -2.63254084e-02, -8.85595474e-03, -2.93390229e-02, 2.60361489e-02,
       -2.96164174e-02, 2.38079336e-02, 2.85732839e-02, 2.67783571e-02,
       2.21022554e-02, 1.64496377e-02, 3.40795889e-02, -2.07975414e-02,
       2.72123516e-02, 2.43740547e-02, -9.95115004e-03, -8.07078497e-04,
       1.50241116e-02, 1.52471922e-02, -3.92556153e-02, -4.23610443e-03,
       -5.31612057e-03, 3.87902260e-02, -1.46055073e-02, -3.13739888e-02,
       -3.03294379e-02, -2.00439245e-02, 7.10127689e-03, -3.26804556e-02,
       5.10794483e-03, -9.68404114e-03, 3.93587770e-03, 8.98107514e-03,
       -1.90895777e-02, -1.74945593e-02, -2.68358421e-02, 1.59220304e-02,
       -1.07298093e-02, -1.79865863e-02, -3.14031653e-02,
       -1.26776267e-02, -2.51833145e-02, -2.19098590e-02,
       -1.25277443e-02, -5.84346522e-03, 1.26549578e-03, -4.58372869e-02,
       2.25735847e-02, 1.47985462e-02, 1.78784505e-02, 1.15332683e-03,
       -3.21059488e-02, -7.60299433e-03, -2.05241755e-04, 1.32628307e-02,
       -2.11037323e-02, 2.68635880e-02, 1.39457062e-02, 3.50973685e-03,
       -2.29512583e-02, -1.03612023e-03, 1.58051942e-02, -2.71616299e-02,
       2.61435639e-02, -1.38845313e-02, 6.10895688e-03, -2.23726146e-02,
       -3.33262724e-03, 2.62574293e-02, -2.33916994e-02, -8.00879858e-03,
       -4.88605648e-02, -2.95774881e-02, -5.67012560e-03, 5.46689983e-03,
       -3.94865870e-02, -4.70981710e-02, 7.38026202e-03, 1.54215442e-02,
       3.26092690e-02, 1.44766318e-02, 4.83871661e-02, -1.06399627e-02,
       4.88534048e-02, 3.59508507e-02, 5.53094931e-02, -1.29378485e-02,
       -1.88191943e-02, 1.67121533e-02, -2.75827516e-02, -5.77010214e-03,
       -3.27302068e-02, -6.14609977e-04, -1.95312705e-02, 2.10416857e-02,
       -2.87701674e-02, -3.67001421e-03, 1.61572676e-02, -1.79033857e-02,
       -1.11149326e-02, -1.02191353e-02, -3.82401724e-03,
       -4.43593636e-02, -1.45278079e-02, 1.39124114e-02, -7.91000854e-03,
       1.67050641e-02, -1.19061312e-02, -8.18524789e-03, -2.45108828e-02,
       -3.34178656e-02, -3.68806347e-02, 2.97223357e-03, -9.05342586e-03,
       1.15230272e-03, 3.37686241e-02, 1.23955216e-02, 3.82237812e-03,
       1.81142539e-02, 2.27404591e-02, 4.29293560e-03, 3.02301329e-02,
       -1.05175544e-02, -7.30994251e-03, 2.95809004e-02, 1.00326091e-02,
       2.14582253e-02, -1.23158330e-02, -7.81156076e-03, -1.47333043e-02,
       6.57489663e-03, -2.14598086e-02, -1.99787226e-02, -1.15976566e-02,
       -1.55549226e-02, -5.75351343e-03, -1.28851468e-02,
       -7.39808427e-03, -2.78928177e-03, 1.71736833e-02, 4.36437968e-03,
       -4.46893722e-02, -3.99263203e-02, -4.00127172e-02,
       -2.40207072e-02, -4.49279100e-02, -1.16415722e-02,
       -6.18379563e-02, -1.26470551e-02, -1.97708178e-02, 6.84747193e-03,
