%YAML:1.0
---
my_detector: !!opencv-object-detector-hog
   winSize: [ 64, 128 ]
   blockSize: [ 16, 16 ]
   blockStride: [ 8, 8 ]
   cellSize: [ 8, 8 ]
   nbins: 9
   derivAperture: 1
   winSigma: 4.
   histogramNormType: 0
   L2HysThreshold: 2.0000000000000001e-01
   gammaCorrection: 1
   nlevels: 64
   signedGradient: 0
   SVMDetector: [ 3.44615951e-02, -3.73683684e-02, -2.01933756e-02,
       2.50636805e-02, 3.20924968e-02, -1.52034210e-02, -1.95040330e-02,
       -3.31698395e-02, 3.75107229e-02, 4.20410186e-02, -4.82348679e-03,
       2.07598004e-02, 6.26220694e-03, 1.70095041e-02, 2.23935135e-02,
       9.57894232e-03, -5.88681409e-03, 3.80055979e-02, 2.36747805e-02,
       -2.31448431e-02, -1.57631859e-02, 1.66888218e-02, 4.14808467e-02,
       1.22518383e-03, -9.23830457e-03, -3.92245352e-02, 2.39283615e-03,
       2.66561639e-02, 4.29274328e-03, 1.59190614e-02, 3.66811864e-02,
       -9.28462856e-03, 1.56194316e-02, 6.70909928e-03, 5.17648458e-03,
       4.69272956e-04, 1.08680604e-02, -3.29099186e-02, 2.32308786e-02,
       -1.28407404e-02, 2.12238729e-02, 2.12508813e-02, -1.43042086e-02,
       -7.95359025e-04, 6.76948763e-03, 1.14005413e-02, -1.69876311e-02,
       3.74522246e-02, 4.25139740e-02, 1.28482394e-02, 2.17248183e-02,
       -1.11474460e-02, 2.03256141e-02, -4.83694440e-03, 6.43635681e-03,
       -1.04669612e-02, -1.32769300e-03, 6.81276666e-03, 2.66292202e-03,
       8.89386516e-03, -9.47755948e-03, -1.10819482e-03, -1.44755337e-02,
       1.41124399e-02, -9.68471169e-03, -2.53802203e-02, 8.30170885e-03,
       -2.36294176e-02, -7.78366998e-03, 9.65371728e-03, 1.90523528e-02,
       6.25050534e-03, 1.73519179e-02, 4.08542901e-03, 1.88836064e-02,
       1.98024977e-02, 1.65472310e-02, 3.14322039e-02, -2.92938249e-03,
       5.19095734e-03, -6.01282530e-03, 1.41901495e-02, -2.93583842e-03,
       -6.93067722e-03, -2.59892438e-02, 3.18187103e-02, 1.13176759e-02,
       1.55444043e-02, 2.32015736e-02, 2.00523231e-02, 9.56202974e-04,
       -9.24352184e-03, -3.28945462e-03, 2.10706387e-02, -1.83062423e-02,
       1.13059543e-02, -1.10358186e-02, 1.09690300e-03, -1.80021375e-02,
       -1.11674862e-02, -2.72203870e-02, -8.02662037e-03,
       -2.87047401e-02, 8.67845141e-04, -6.50365651e-03, 2.33457983e-02,
       3.76954526e-02, -8.77711177e-03, 1.46371694e-02, 1.21090086e-02,
       -4.19851253e-03, 2.58378126e-03, 4.34532836e-02, 2.21836697e-02,
       1.54306553e-02, 8.51848279e-04, 7.74129713e-03, -9.03000310e-03,
       9.13620461e-03, -1.47381295e-02, -3.61192562e-02, -1.26754558e-02,
       -2.75777169e-02, -8.26542079e-03, -1.17322542e-02,
       -2.03038333e-03, 1.06063730e-03, 1.63050480e-02, 4.13796259e-03,
       1.59929637e-02, -7.24674063e-03, -4.56625177e-03, 2.02938803e-02,
       5.04730716e-02, -1.29430825e-02, -1.13327950e-02, -1.39471358e-02,
       -1.84936859e-02, -3.89413815e-03, -2.69262083e-02,
       -1.62029862e-02, 8.35095358e-04, 3.10502434e-03, -2.43135467e-02,
       -1.17541794e-02, 2.13649049e-02, -2.14312114e-02, -1.35329831e-02,
       1.53625868e-02, -7.72742322e-03, -1.68074609e-03, 1.57825630e-02,
       1.81075651e-02, -2.58761812e-02, -2.37332769e-02, -6.48582950e-02,
       -1.07355332e-02, 8.07507522e-03, -2.97139417e-02, -1.70886684e-02,
       1.40055055e-02, 1.77213375e-03, -1.29081393e-02, 2.57114023e-02,
       -1.57795940e-02, 1.99082866e-02, 1.18764443e-02, 1.21412883e-02,
       2.68309731e-02, 2.51019374e-02, -3.83058749e-03, -3.94294411e-02,
       4.42128076e-04, -5.40079288e-02, 1.17592542e-02, -3.62829864e-03,
       -1.62765272e-02, 6.36138022e-03, 2.17945576e-02, -1.74835809e-02,
       -1.30723203e-02, -2.49428246e-02, -4.79244962e-02, 2.96489857e-02,
       3.25926170e-02, -4.45265835e-03, -2.74066161e-02, 1.27265928e-02,
       3.10344296e-03, 2.34584557e-03, -1.29684713e-02, -2.77273525e-02,
       1.94357298e-02, 5.01473993e-03, -4.14006002e-02, -4.24623936e-02,
       -1.39165558e-02, 4.35829535e-03, 3.10326833e-02, 2.72188969e-02,
       -4.28658202e-02, 5.69265410e-02, 6.63696276e-03, 8.49459600e-03,
       -3.70357698e-03, 3.45024131e-02, -1.61512718e-02, 1.49870366e-02,
       3.21187042e-02, -2.08851695e-02, 1.04255946e-02, -1.28452498e-02,
       -2.45230962e-02, -2.37257518e-02, -1.10403374e-02,
       -1.17042009e-02, 1.17387818e-02, 1.39967278e-02, -2.14537196e-02,
       2.77217086e-02, 2.77224462e-02, -1.80970430e-02, -3.14262211e-02,
       -1.50897808e-03, 2.45941523e-02, -2.50053219e-02, -1.01328967e-02,
       -5.34563251e-02, -2.08658129e-02, 4.97370586e-03, -1.78771783e-02,
       -4.58957143e-02, 2.16533057e-02, 9.09938419e-04, -1.43290283e-02,
       1.48571301e-02, 8.37516040e-03, 3.96040231e-02, 1.32582318e-02,
       2.13586930e-02, 3.08874412e-03, 1.56652015e-02, -1.12725152e-02,
       -3.06294877e-02, 1.55500404e-03, -4.67633829e-03, -8.23620707e-03,
       1.67149045e-02, 1.17306523e-02, -2.57307030e-02, 2.28380319e-02,
       -3.12386435e-02, 6.52198074e-03, 4.54211934e-03, -2.17494462e-02,
       4.34023095e-03, -6.81322475e-04, -9.99777392e-03, -2.85128970e-02,
       1.66717358e-02, 1.72505470e-03, 5.12869284e-03, 1.08155736e-03,
       -9.99595132e-03, -2.84522288e-02, -4.14277334e-03,
       -2.12506130e-02, -3.71694416e-02, 4.28500539e-03, 3.29330168e-03,
       -5.65239973e-03, 1.92810260e-02, -2.34480505e-03, 1.40518248e-02,
       1.70009304e-02, 4.38736752e-02, -2.42808070e-02, 2.45501548e-02,
       1.14737758e-02, -3.07195727e-02, -2.37124544e-02, -1.07772928e-02,
       -8.05670582e-03, -1.37685267e-02, -7.82995019e-03,
       -1.58147365e-02, 1.31622851e-02, 9.07258783e-03, 9.65634082e-03,
       -2.12193727e-02, -1.56281155e-03, -1.23643009e-02,
       -1.52182402e-02, -1.88653059e-02, -1.59995891e-02, 8.10394436e-03,
       2.95244977e-02, 6.41557202e-03, -2.85232477e-02, -4.33058571e-03,
       1.53937992e-02, -2.83232387e-02, -6.39908714e-03, -4.35539708e-02,
       -2.51637772e-02, -3.63401091e-03, -2.53580865e-02,
       -3.05653941e-02, -1.05424300e-02, -1.43900681e-02,
       -1.31803257e-02, 1.27767185e-02, 1.51815508e-02, 1.81507692e-03,
       1.10408040e-02, -2.11536307e-02, -1.25560481e-02, -4.41438928e-02,
       3.10027786e-03, -2.14607455e-02, -4.43325564e-03, -1.28210513e-02,
       -2.22381763e-02, -2.57026460e-02, -2.09136517e-03,
       -3.32168513e-03, -8.43298715e-03, 3.54404487e-02, -3.18842568e-02,
       3.42499875e-02, -2.18881313e-02, -2.17790883e-02, 7.49506056e-03,
       -4.45517525e-03, -8.31556134e-03, -2.96025071e-02,
       -1.35491751e-02, -5.48241485e-04, -1.06909089e-02,
       -9.20929387e-03, -1.64576080e-02, -1.17321229e-02, 3.45154703e-02,
       2.56918091e-02, -6.50557224e-03, 6.53190464e-02, -2.31141485e-02,
       1.52708692e-02, -4.32690699e-03, 9.53977741e-03, -1.04836291e-02,
       -4.03323472e-02, -2.66882591e-02, -3.38789783e-02, 1.29252570e-02,
       -2.02603508e-02, -7.02478737e-03, -3.22915241e-02, 2.45659426e-02,
       -2.34487150e-02, 1.36877792e-02, 9.97087569e-04, -1.18952794e-02,
       1.55915832e-02, -2.29320233e-03, 2.87578255e-03, -1.18702156e-02,
       1.60103459e-02, 3.14633548e-02, -1.35488054e-02, -1.43868588e-02,
       -5.74287102e-02, -6.15893817e-03, -2.85251904e-02,
       -6.39083935e-03, -1.18805310e-02, 1.97528061e-02, 7.51303160e-04,
       -1.51617676e-02, 4.67725145e-03, 3.39358263e-02, 4.19407897e-02,
       -4.20939084e-03, 1.74732786e-02, -6.72097318e-03, 2.67729294e-02,
       1.68728060e-03, -4.42741960e-02, 2.75329337e-03, 1.25440313e-02,
       3.44755724e-02, 1.24611910e-02, 2.04424970e-02, -1.71352061e-03,
       1.52777061e-02, -2.12092083e-02, -6.97889191e-04, 6.97582774e-03,
       -2.54982542e-02, -2.64629885e-03, 5.53050870e-03, -1.41613167e-02,
       -1.36565473e-02, 1.89152360e-02, -5.90005657e-04, -4.59655467e-03,
       4.74667270e-03, -3.29466425e-02, -3.75783406e-02, 5.36707323e-03,
       -1.77002009e-02, -3.47351022e-02, 6.31352188e-03, -1.59419384e-02,
       -2.33968312e-05, 1.24972379e-02, -4.88479016e-03, 7.49724405e-03,
