%YAML:1.0
---
my_detector: !!opencv-object-detector-hog
   winSize: [ 64, 128 ]
   blockSize: [ 16, 16 ]
   blockStride: [ 8, 8 ]
   cellSize: [ 8, 8 ]
   nbins: 9
   derivAperture: 1
   winSigma: 4.
   histogramNormType: 0
   L2HysThreshold: 2.0000000000000001e-01
   gammaCorrection: 1
   nlevels: 64
   signedGradient: 0
   SVMDetector: [ -3.46975896e-04, -4.98086773e-02, -2.98032984e-02,
       4.28371131e-03, 1.77321360e-02, 4.84525179e-03, 1.70581006e-02,
       7.06867175e-03, 3.12789902e-02, 2.56189518e-02, -4.27641347e-03,
       -2.53548387e-06, -1.02405029e-03, -1.59113749e-03, 1.28478231e-02,
       2.07877345e-02, 5.29301120e-03, 2.14212597e-03, 1.51938968e-03,
       -3.21636908e-02, 7.42871838e-04, 8.72632209e-03, 5.54651674e-03,
       -3.43391381e-04, -3.46860364e-02, -4.18156385e-02, 3.75545211e-03,
       2.74343658e-02, 1.06510492e-02, 2.21250835e-03, 3.98901850e-02,
       -3.38244326e-02, 1.09240375e-02, -6.82835374e-03, -5.68810059e-03,
       -3.45782861e-02, -2.24940828e-03, -2.26921141e-02, 9.54665430e-03,
       3.91945010e-03, 3.94125208e-02, 7.92413112e-03, -1.65780890e-03,
       -4.83236392e-04, 1.07675698e-02, -1.35421669e-02, -1.72546245e-02,
       1.75778251e-02, 3.31569533e-03, 1.23417238e-02, 2.30526570e-02,
       3.90639994e-03, 4.08606492e-02, 1.13524506e-02, 9.20240209e-03,
       3.33015952e-04, 2.04936322e-02, 2.76871528e-02, -1.95931662e-02,
       2.30649812e-03, -3.92433023e-03, 1.46290259e-02, -2.10898276e-02,
       -4.06141346e-03, -9.87046678e-03, -2.07611453e-02,
       -8.12411401e-03, -6.25341374e-04, 1.15885306e-02, -1.98055077e-02,
       1.28065143e-03, -3.59293516e-03, 1.94349084e-02, 9.69718769e-03,
       1.29969325e-03, -1.24404784e-02, 1.66576747e-02, 4.62796427e-02,
       1.12757888e-02, 1.46279046e-02, -8.81247316e-03, 2.86726039e-02,
       3.68631743e-02, 1.94591600e-02, -6.45555416e-03, 3.79380165e-03,
       2.18461510e-02, 1.33252079e-02, -4.52765636e-03, 4.20439150e-03,
       1.24180969e-02, 1.84624996e-02, -1.24933636e-02, -5.23343566e-04,
       5.89159038e-03, 1.04819434e-02, -1.67704020e-02, -8.44250782e-04,
       4.39074618e-04, 1.70832500e-02, 1.21151665e-02, -4.02990216e-03,
       -6.18774584e-03, -1.88251343e-02, 1.92632666e-03, 1.58174001e-02,
       1.75670311e-02, -1.23186149e-02, 1.11933285e-02, 3.16120014e-02,
       1.28229745e-02, -9.34293587e-03, -4.39945172e-04, -1.52350366e-02,
       2.16320142e-04, -2.63857488e-02, -8.42824485e-03, -2.82559693e-02,
       -4.26536286e-03, -6.97154785e-03, -1.32024484e-02,
       -5.71617577e-03, -8.39308742e-03, 7.95873348e-03, 9.15952958e-03,
       -1.05059138e-02, -1.39542238e-03, 1.29088713e-02, 6.61500357e-03,
       8.55613593e-03, -3.02450303e-02, -1.53214810e-02, -7.93728605e-03,
       2.01316215e-02, -2.72802431e-02, -2.33386513e-02, -5.79262665e-03,
       -1.15080522e-02, -1.34505797e-02, -1.67095736e-02,
       -2.24323664e-02, -1.83709953e-02, 1.21968873e-02, -2.27376837e-02,
       -1.18830865e-02, 1.52475452e-02, -2.68476978e-02, -1.59499347e-02,
       2.60606166e-02, -3.05884983e-04, 1.20606003e-02, 9.31542832e-03,
       -1.19360955e-02, 7.73869455e-03, -2.68409238e-03, -4.84825075e-02,
       -1.38589395e-02, 4.96758707e-03, -3.90452379e-03, -2.29708645e-02,
       5.24968188e-03, -6.23850804e-03, -1.98359024e-02, 4.04170714e-02,
       -4.45270073e-03, 5.28409961e-04, 1.72894914e-02, 1.71157811e-02,
       1.49044804e-02, 3.80643643e-02, 1.38650965e-02, -4.98527065e-02,
       -7.27484562e-03, -2.25379746e-02, 2.52416037e-04, 9.24151763e-03,
       2.04717834e-02, 1.56493988e-02, 5.54053299e-03, -3.62697314e-03,
       1.44526333e-04, -3.08395606e-02, -3.10031064e-02, 7.39633851e-03,
       1.40632344e-02, -1.82787776e-02, -2.53922716e-02, 2.11823564e-02,
       1.78755876e-02, -7.16776680e-03, -1.97780952e-02, -1.18069788e-02,
       7.10965972e-03, 3.44535057e-03, -4.30893563e-02, -2.18008272e-02,
       1.41923213e-02, 1.95821468e-03, 1.46542946e-02, 9.47312801e-05,
       -1.08480845e-02, 4.13198695e-02, 1.48303816e-02, 1.60066988e-02,
       -1.78560466e-02, 4.02331054e-02, 1.09645221e-02, -2.90520862e-02,
       -4.07412648e-03, -3.54687939e-03, 2.48270691e-03, -3.27308453e-03,
       -1.13332439e-02, -7.72590283e-03, 3.27767767e-02, 1.13183828e-02,
       1.36229973e-02, -2.95423530e-03, -9.16468538e-03, 2.56862249e-02,
       1.70954783e-02, -1.45031437e-02, -2.25431100e-02, 1.14131048e-02,
       1.78566650e-02, -1.94815919e-02, -2.16906182e-02, -3.99212316e-02,
       -5.20927878e-03, 3.00512160e-03, -2.63224132e-02, -3.42369266e-02,
       4.30447161e-02, 9.32668243e-03, -6.12908509e-03, 6.80599036e-03,
       2.34974287e-02, 5.36267571e-02, 1.27966059e-02, 1.54919615e-02,
       -1.25189573e-02, 3.12208124e-02, 9.50619671e-03, -3.57814580e-02,
       -9.18503851e-03, -4.20231326e-03, -1.12411976e-02, 1.92737281e-02,
       -2.20304951e-02, -4.91069555e-02, 4.77627059e-03, -9.73541196e-03,
       -4.17350512e-03, 1.95405483e-02, 2.01359042e-04, 2.07916126e-02,
       7.61043467e-03, -3.48766078e-03, -1.55224353e-02, 4.59865443e-02,
       3.22620315e-03, -2.43783984e-02, 5.46925515e-03, -1.33869308e-03,
       -1.83817260e-02, -2.46382896e-02, -1.12756584e-02,
       -4.10810597e-02, 4.84279776e-03, -4.35439236e-02, 1.17015233e-02,
       3.84730808e-02, 2.90654339e-02, 3.53815630e-02, 2.44971756e-02,
       -3.54083371e-03, -2.08734702e-02, 2.53918357e-02, 1.34806009e-02,
       -3.28726275e-03, 4.46260767e-03, -1.23073719e-02, -1.32630076e-02,
       -1.04371067e-02, 7.34205125e-03, -1.24993571e-03, 1.19279334e-02,
       -1.40312463e-02, -1.49860885e-02, -6.10688236e-04, 1.78844389e-02,
       -1.42627172e-02, 5.67719433e-03, -6.07038941e-03, -3.81310023e-02,
       -6.19265530e-03, -1.41540626e-02, -1.70802884e-02, 1.77076180e-02,
       9.41722374e-03, -1.96184963e-03, 1.69838127e-02, -1.14780823e-02,
       -4.93709929e-02, -1.55635374e-02, -3.02482545e-02, 5.17725572e-03,
       -7.75321200e-03, -1.68850515e-02, -1.31785301e-02,
       -2.33953893e-02, 1.91230103e-02, 2.42897719e-02, 1.26047162e-02,
       1.72972642e-02, -1.06664188e-02, 2.31523486e-03, -1.84094533e-02,
       -9.67399683e-03, -1.37027977e-02, -2.18717847e-03,
       -9.09665227e-03, 9.24000703e-03, -6.26584375e-03, 1.45980902e-02,
       4.13698889e-02, 4.31295112e-03, -9.93483700e-03, -1.20938420e-02,
       1.01475026e-02, -2.24816501e-02, -2.39905920e-02, 3.06554157e-02,
       -1.45722530e-03, 2.10692128e-03, -3.06548905e-02, -1.67172365e-02,
       -4.39262763e-03, 1.44260544e-02, -2.28588153e-02, -4.63647135e-02,
       9.47037525e-03, 2.67974827e-02, 2.00254638e-02, 2.91761011e-04,
       -2.56969291e-03, -1.82194840e-02, 3.83769115e-03, -5.15533797e-03,
       2.02671643e-02, 4.75707650e-03, -2.59999372e-02, 1.39759211e-02,
       -2.07803492e-02, -3.10452213e-03, -2.29620133e-02, 1.77057907e-02,
       -1.57140251e-02, -1.01369154e-02, -1.48363393e-02,
       -3.01954243e-03, 7.64225749e-03, -8.82199220e-03, 3.73560786e-02,
       2.72617154e-02, 2.33959919e-03, -1.44293699e-02, -6.99741533e-03,
       4.46831388e-03, -1.73163116e-02, 6.14372548e-03, -4.91710566e-03,
       9.94475186e-03, 1.68677536e-03, -1.87811423e-02, -4.40184884e-02,
       -5.46958251e-03, -5.09173563e-03, 7.74160307e-03, 2.17682272e-02,
       1.88252684e-02, 5.33983223e-02, 1.15941381e-02, 2.54009627e-02,
       2.44667716e-02, 2.37546097e-02, 1.40886838e-02, 1.45375840e-02,
       2.96342988e-02, 3.47052068e-02, 3.10591664e-02, 6.47006929e-03,
       8.58079176e-03, -4.14876686e-03, 1.94135995e-03, 1.44470669e-02,
       -4.98336460e-03, -6.37442851e-03, -7.08384532e-03,
       -1.15687931e-02, -2.44778711e-02, 1.45288697e-02, -3.18483710e-02,
       6.05935277e-03, -3.46778263e-03, -2.32824907e-02, -7.21068727e-03,
       -1.67990178e-02, -1.98448431e-02, -2.30779517e-02,
       -7.48153264e-03, -4.20955122e-02, 1.67084187e-02, -4.08232072e-03,
       2.71990448e-02, 1.63849574e-02, 1.62389893e-02, 1.85001101e-02,
